-0.24984717	0.00E+00
-0.24921941	-6.39E-06
-0.24859165	-2.84E-05
-0.2479639	-7.02E-05
-0.24733614	-1.35E-04
-0.24670838	-2.25E-04
-0.24608063	-3.42E-04
-0.24545287	-4.84E-04
-0.24482511	-6.51E-04
-0.24419736	-8.39E-04
-0.2435696	-1.04E-03
-0.24294184	-1.25E-03
-0.24231409	-1.47E-03
-0.24168633	-1.68E-03
-0.24105857	-1.87E-03
-0.24043082	-2.04E-03
-0.23980306	-2.18E-03
-0.2391753	-2.28E-03
-0.23854755	-2.33E-03
-0.23791979	-2.34E-03
-0.23729203	-2.30E-03
-0.23666428	-2.21E-03
-0.23603652	-2.08E-03
-0.23540876	-1.91E-03
-0.23478101	-1.72E-03
-0.23415325	-1.53E-03
-0.23352549	-1.33E-03
-0.23289774	-1.17E-03
-0.23226998	-1.05E-03
-0.23164222	-9.90E-04
-0.23101447	-1.02E-03
-0.23038671	-1.16E-03
-0.22975895	-1.43E-03
-0.2291312	-1.84E-03
-0.22850344	-2.41E-03
-0.22787568	-3.15E-03
-0.22724793	-4.05E-03
-0.22662017	-5.13E-03
-0.22599241	-6.38E-03
-0.22536466	-7.78E-03
-0.2247369	-9.31E-03
-0.22410914	-1.10E-02
-0.22348139	-1.27E-02
-0.22285363	-1.45E-02
-0.22222587	-1.62E-02
-0.22159812	-1.80E-02
-0.22097036	-1.97E-02
-0.2203426	-2.12E-02
-0.21971485	-2.26E-02
-0.21908709	-2.38E-02
-0.21845933	-2.47E-02
-0.21783158	-2.54E-02
-0.21720382	-2.57E-02
-0.21657606	-2.58E-02
-0.21594831	-2.55E-02
-0.21532055	-2.48E-02
-0.21469279	-2.39E-02
-0.21406503	-2.26E-02
-0.21343728	-2.11E-02
-0.21280952	-1.94E-02
-0.21218176	-1.75E-02
-0.21155401	-1.54E-02
-0.21092625	-1.33E-02
-0.21029849	-1.12E-02
-0.20967074	-9.14E-03
-0.20904298	-7.27E-03
-0.20841522	-5.62E-03
-0.20778747	-4.27E-03
-0.20715971	-3.28E-03
-0.20653195	-2.71E-03
-0.2059042	-2.60E-03
-0.20527644	-3.00E-03
-0.20464868	-3.91E-03
-0.20402093	-5.36E-03
-0.20339317	-7.34E-03
-0.20276541	-9.83E-03
-0.20213766	-1.28E-02
-0.2015099	-1.62E-02
-0.20088214	-1.99E-02
-0.20025439	-2.39E-02
-0.19962663	-2.81E-02
-0.19899887	-3.24E-02
-0.19837112	-3.67E-02
-0.19774336	-4.09E-02
-0.1971156	-4.49E-02
-0.19648785	-4.85E-02
-0.19586009	-5.18E-02
-0.19523233	-5.45E-02
-0.19460458	-5.66E-02
-0.19397682	-5.81E-02
-0.19334906	-5.89E-02
-0.19272131	-5.89E-02
-0.19209355	-5.82E-02
-0.19146579	-5.68E-02
-0.19083804	-5.47E-02
-0.19021028	-5.19E-02
-0.18958252	-4.85E-02
-0.18895477	-4.46E-02
-0.18832701	-4.02E-02
-0.18769925	-3.56E-02
-0.1870715	-3.08E-02
-0.18644374	-2.60E-02
-0.18581598	-2.12E-02
-0.18518823	-1.67E-02
-0.18456047	-1.25E-02
-0.18393271	-8.73E-03
-0.18330496	-5.58E-03
-0.1826772	-3.10E-03
-0.18204944	-1.38E-03
-0.18142169	-4.81E-04
-0.18079393	-4.38E-04
-0.18016617	-1.27E-03
-0.17953842	-2.97E-03
-0.17891066	-5.51E-03
-0.1782829	-8.84E-03
-0.17765515	-1.29E-02
-0.17702739	-1.76E-02
-0.17639963	-2.27E-02
-0.17577188	-2.83E-02
-0.17514412	-3.41E-02
-0.17451636	-4.00E-02
-0.17388861	-4.58E-02
-0.17326085	-5.15E-02
-0.17263309	-5.69E-02
-0.17200534	-6.19E-02
-0.17137758	-6.62E-02
-0.17074982	-6.99E-02
-0.17012207	-7.28E-02
-0.16949431	-7.49E-02
-0.16886655	-7.61E-02
-0.1682388	-7.63E-02
-0.16761104	-7.56E-02
-0.16698328	-7.40E-02
-0.16635553	-7.15E-02
-0.16572777	-6.81E-02
-0.16510001	-6.40E-02
-0.16447226	-5.92E-02
-0.1638445	-5.39E-02
-0.16321674	-4.82E-02
-0.16258899	-4.22E-02
-0.16196123	-3.61E-02
-0.16133347	-3.00E-02
-0.16070572	-2.40E-02
-0.16007796	-1.84E-02
-0.1594502	-1.33E-02
-0.15882245	-8.71E-03
-0.15819469	-4.83E-03
-0.15756693	-1.75E-03
-0.15693918	4.56E-04
-0.15631142	1.74E-03
-0.15568366	2.07E-03
-0.15505591	1.44E-03
-0.15442815	-1.43E-04
-0.15380039	-2.63E-03
-0.15317264	-5.95E-03
-0.15254488	-1.00E-02
-0.15191712	-1.48E-02
-0.15128936	-2.00E-02
-0.15066161	-2.56E-02
-0.15003385	-3.15E-02
-0.14940609	-3.74E-02
-0.14877834	-4.33E-02
-0.14815058	-4.89E-02
-0.14752282	-5.42E-02
-0.14689507	-5.88E-02
-0.14626731	-6.28E-02
-0.14563955	-6.61E-02
-0.1450118	-6.84E-02
-0.14438404	-6.97E-02
-0.14375628	-7.00E-02
-0.14312853	-6.93E-02
-0.14250077	-6.74E-02
-0.14187301	-6.46E-02
-0.14124526	-6.07E-02
-0.1406175	-5.60E-02
-0.13998974	-5.04E-02
-0.13936199	-4.40E-02
-0.13873423	-3.72E-02
-0.13810647	-2.99E-02
-0.13747872	-2.23E-02
-0.13685096	-1.46E-02
-0.1362232	-7.08E-03
-0.13559545	2.18E-04
-0.13496769	7.09E-03
-0.13433993	1.34E-02
-0.13371218	1.89E-02
-0.13308442	2.36E-02
-0.13245666	2.73E-02
-0.13182891	3.00E-02
-0.13120115	3.16E-02
-0.13057339	3.20E-02
-0.12994564	3.12E-02
-0.12931788	2.93E-02
-0.12869012	2.64E-02
-0.12806237	2.24E-02
-0.12743461	1.75E-02
-0.12680685	1.19E-02
-0.1261791	5.63E-03
-0.12555134	-1.09E-03
-0.12492358	-8.11E-03
-0.12429583	-1.52E-02
-0.12366807	-2.23E-02
-0.12304031	-2.91E-02
-0.12241256	-3.54E-02
-0.1217848	-4.12E-02
-0.12115704	-4.62E-02
-0.12052929	-5.03E-02
-0.11990153	-5.34E-02
-0.11927377	-5.53E-02
-0.11864602	-5.62E-02
-0.11801826	-5.58E-02
-0.1173905	-5.42E-02
-0.11676275	-5.15E-02
-0.11613499	-4.76E-02
-0.11550723	-4.28E-02
-0.11487948	-3.70E-02
-0.11425172	-3.04E-02
-0.11362396	-2.32E-02
-0.11299621	-1.55E-02
-0.11236845	-7.62E-03
-0.11174069	3.75E-04
-0.11111294	8.25E-03
-0.11048518	1.58E-02
-0.10985742	2.29E-02
-0.10922967	2.92E-02
-0.10860191	3.48E-02
-0.10797415	3.94E-02
-0.1073464	4.28E-02
-0.10671864	4.51E-02
-0.10609088	4.62E-02
-0.10546313	4.60E-02
-0.10483537	4.46E-02
-0.10420761	4.19E-02
-0.10357986	3.81E-02
-0.1029521	3.32E-02
-0.10232434	2.75E-02
-0.10169659	2.09E-02
-0.10106883	1.38E-02
-0.10044107	6.34E-03
-0.099813315	-1.35E-03
-0.099185559	-9.00E-03
-0.098557802	-1.64E-02
-0.097930045	-2.34E-02
-0.097302289	-2.97E-02
-0.096674532	-3.51E-02
-0.096046775	-3.95E-02
-0.095419019	-4.28E-02
-0.094791262	-4.48E-02
-0.094163505	-4.54E-02
-0.093535748	-4.46E-02
-0.092907992	-4.23E-02
-0.092280235	-3.86E-02
-0.091652478	-3.36E-02
-0.091024722	-2.72E-02
-0.090396965	-1.97E-02
-0.089769208	-1.11E-02
-0.089141452	-1.70E-03
-0.088513695	8.34E-03
-0.087885938	1.88E-02
-0.087258181	2.95E-02
-0.086630425	4.01E-02
-0.086002668	5.04E-02
-0.085374911	6.03E-02
-0.084747155	6.93E-02
-0.084119398	7.75E-02
-0.083491641	8.44E-02
-0.082863885	9.01E-02
-0.082236128	9.44E-02
-0.081608371	9.71E-02
-0.080980614	9.83E-02
-0.080352858	9.79E-02
-0.079725101	9.59E-02
-0.079097344	9.24E-02
-0.078469588	8.74E-02
-0.077841831	8.12E-02
-0.077214074	7.39E-02
-0.076586318	6.57E-02
-0.075958561	5.68E-02
-0.075330804	4.74E-02
-0.074703047	3.78E-02
-0.074075291	2.83E-02
-0.073447534	1.91E-02
-0.072819777	1.04E-02
-0.072192021	2.55E-03
-0.071564264	-4.27E-03
-0.070936507	-9.87E-03
-0.07030875	-1.41E-02
-0.069680994	-1.68E-02
-0.069053237	-1.79E-02
-0.06842548	-1.74E-02
-0.067797724	-1.52E-02
-0.067169967	-1.14E-02
-0.06654221	-6.11E-03
-0.065914454	6.45E-04
-0.065286697	8.65E-03
-0.06465894	1.77E-02
-0.064031183	2.77E-02
-0.063403427	3.82E-02
-0.06277567	4.91E-02
-0.062147913	6.00E-02
-0.061520157	7.07E-02
-0.0608924	8.10E-02
-0.060264643	9.05E-02
-0.059636887	9.91E-02
-0.05900913	1.06E-01
-0.058381373	1.12E-01
-0.057753616	1.17E-01
-0.05712586	1.20E-01
-0.056498103	1.21E-01
-0.055870346	1.20E-01
-0.05524259	1.18E-01
-0.054614833	1.14E-01
-0.053987076	1.08E-01
-0.05335932	1.01E-01
-0.052731563	9.25E-02
-0.052103806	8.32E-02
-0.051476049	7.31E-02
-0.050848293	6.25E-02
-0.050220536	5.15E-02
-0.049592779	4.06E-02
-0.048965023	2.99E-02
-0.048337266	1.96E-02
-0.047709509	1.01E-02
-0.047081753	1.44E-03
-0.046453996	-6.17E-03
-0.045826239	-1.26E-02
-0.045198482	-1.78E-02
-0.044570726	-2.16E-02
-0.043942969	-2.42E-02
-0.043315212	-2.54E-02
-0.042687456	-2.54E-02
-0.042059699	-2.42E-02
-0.041431942	-2.20E-02
-0.040804186	-1.88E-02
-0.040176429	-1.47E-02
-0.039548672	-9.69E-03
-0.038920915	-3.88E-03
-0.038293159	2.80E-03
-0.037665402	1.05E-02
-0.037037645	1.94E-02
-0.036409889	2.98E-02
-0.035782132	4.23E-02
-0.035154375	5.73E-02
-0.034526619	7.57E-02
-0.033898862	9.83E-02
-0.033271105	1.26E-01
-0.032643348	1.61E-01
-0.032015592	2.04E-01
-0.031387835	2.57E-01
-0.030760078	3.22E-01
-0.030132322	4.00E-01
-0.029504565	4.95E-01
-0.028876808	6.08E-01
-0.028249052	7.42E-01
-0.027621295	8.99E-01
-0.026993538	1.08E+00
-0.026365781	1.30E+00
-0.025738025	1.54E+00
-0.025110268	1.82E+00
-0.024482511	2.13E+00
-0.023854755	2.49E+00
-0.023226998	2.89E+00
-0.022599241	3.33E+00
-0.021971485	3.81E+00
-0.021343728	4.35E+00
-0.020715971	4.93E+00
-0.020088214	5.56E+00
-0.019460458	6.24E+00
-0.018832701	6.97E+00
-0.018204944	7.74E+00
-0.017577188	8.57E+00
-0.016949431	9.44E+00
-0.016321674	1.04E+01
-0.015693918	1.13E+01
-0.015066161	1.23E+01
-0.014438404	1.33E+01
-0.013810647	1.44E+01
-0.013182891	1.54E+01
-0.012555134	1.65E+01
-0.011927377	1.76E+01
-0.011299621	1.87E+01
-0.010671864	1.98E+01
-0.010044107	2.09E+01
-0.009416351	2.20E+01
-0.008788594	2.31E+01
-0.008160837	2.41E+01
-0.00753308	2.51E+01
-0.006905324	2.60E+01
-0.006277567	2.69E+01
-0.00564981	2.78E+01
-0.005022054	2.85E+01
-0.004394297	2.92E+01
-0.00376654	2.99E+01
-0.003138784	3.04E+01
-0.002511027	3.09E+01
-0.00188327	3.12E+01
-0.001255513	3.15E+01
-0.000627757	3.17E+01
0	3.18E+01
0.000627757	3.18E+01
0.001255513	3.17E+01
0.00188327	3.15E+01
0.002511027	3.12E+01
0.003138784	3.08E+01
0.00376654	3.03E+01
0.004394297	2.98E+01
0.005022054	2.92E+01
0.00564981	2.85E+01
0.006277567	2.77E+01
0.006905324	2.68E+01
0.00753308	2.59E+01
0.008160837	2.50E+01
0.008788594	2.40E+01
0.009416351	2.30E+01
0.010044107	2.19E+01
0.010671864	2.09E+01
0.011299621	1.98E+01
0.011927377	1.87E+01
0.012555134	1.76E+01
0.013182891	1.65E+01
0.013810647	1.55E+01
0.014438404	1.44E+01
0.015066161	1.34E+01
0.015693918	1.24E+01
0.016321674	1.14E+01
0.016949431	1.05E+01
0.017577188	9.60E+00
0.018204944	8.76E+00
0.018832701	7.96E+00
0.019460458	7.20E+00
0.020088214	6.50E+00
0.020715971	5.84E+00
0.021343728	5.23E+00
0.021971485	4.67E+00
0.022599241	4.16E+00
0.023226998	3.69E+00
0.023854755	3.27E+00
0.024482511	2.89E+00
0.025110268	2.55E+00
0.025738025	2.24E+00
0.026365781	1.98E+00
0.026993538	1.74E+00
0.027621295	1.54E+00
0.028249052	1.36E+00
0.028876808	1.21E+00
0.029504565	1.08E+00
0.030132322	9.67E-01
0.030760078	8.74E-01
0.031387835	7.96E-01
0.032015592	7.31E-01
0.032643348	6.77E-01
0.033271105	6.33E-01
0.033898862	5.96E-01
0.034526619	5.65E-01
0.035154375	5.39E-01
0.035782132	5.18E-01
0.036409889	4.99E-01
0.037037645	4.83E-01
0.037665402	4.69E-01
0.038293159	4.57E-01
0.038920915	4.46E-01
0.039548672	4.36E-01
0.040176429	4.27E-01
0.040804186	4.19E-01
0.041431942	4.12E-01
0.042059699	4.06E-01
0.042687456	4.01E-01
0.043315212	3.98E-01
0.043942969	3.95E-01
0.044570726	3.94E-01
0.045198482	3.95E-01
0.045826239	3.96E-01
0.046453996	3.99E-01
0.047081753	4.03E-01
0.047709509	4.08E-01
0.048337266	4.14E-01
0.048965023	4.21E-01
0.049592779	4.28E-01
0.050220536	4.36E-01
0.050848293	4.44E-01
0.051476049	4.51E-01
0.052103806	4.58E-01
0.052731563	4.64E-01
0.05335932	4.69E-01
0.053987076	4.73E-01
0.054614833	4.76E-01
0.05524259	4.77E-01
0.055870346	4.76E-01
0.056498103	4.74E-01
0.05712586	4.69E-01
0.057753616	4.63E-01
0.058381373	4.56E-01
0.05900913	4.46E-01
0.059636887	4.35E-01
0.060264643	4.23E-01
0.0608924	4.10E-01
0.061520157	3.96E-01
0.062147913	3.81E-01
0.06277567	3.66E-01
0.063403427	3.51E-01
0.064031183	3.37E-01
0.06465894	3.22E-01
0.065286697	3.09E-01
0.065914454	2.96E-01
0.06654221	2.85E-01
0.067169967	2.75E-01
0.067797724	2.66E-01
0.06842548	2.59E-01
0.069053237	2.54E-01
0.069680994	2.51E-01
0.07030875	2.49E-01
0.070936507	2.49E-01
0.071564264	2.50E-01
0.072192021	2.52E-01
0.072819777	2.56E-01
0.073447534	2.61E-01
0.074075291	2.66E-01
0.074703047	2.72E-01
0.075330804	2.79E-01
0.075958561	2.85E-01
0.076586318	2.91E-01
0.077214074	2.96E-01
0.077841831	3.01E-01
0.078469588	3.04E-01
0.079097344	3.07E-01
0.079725101	3.08E-01
0.080352858	3.08E-01
0.080980614	3.06E-01
0.081608371	3.03E-01
0.082236128	2.99E-01
0.082863885	2.93E-01
0.083491641	2.85E-01
0.084119398	2.76E-01
0.084747155	2.67E-01
0.085374911	2.56E-01
0.086002668	2.44E-01
0.086630425	2.32E-01
0.087258181	2.20E-01
0.087885938	2.07E-01
0.088513695	1.95E-01
0.089141452	1.83E-01
0.089769208	1.72E-01
0.090396965	1.61E-01
0.091024722	1.52E-01
0.091652478	1.43E-01
0.092280235	1.36E-01
0.092907992	1.31E-01
0.093535748	1.27E-01
0.094163505	1.24E-01
0.094791262	1.23E-01
0.095419019	1.24E-01
0.096046775	1.26E-01
0.096674532	1.29E-01
0.097302289	1.33E-01
0.097930045	1.38E-01
0.098557802	1.45E-01
0.099185559	1.51E-01
0.099813315	1.58E-01
0.10044107	1.66E-01
0.10106883	1.73E-01
0.10169659	1.80E-01
0.10232434	1.87E-01
0.1029521	1.92E-01
0.10357986	1.98E-01
0.10420761	2.02E-01
0.10483537	2.05E-01
0.10546313	2.07E-01
0.10609088	2.08E-01
0.10671864	2.07E-01
0.1073464	2.06E-01
0.10797415	2.03E-01
0.10860191	1.99E-01
0.10922967	1.94E-01
0.10985742	1.88E-01
0.11048518	1.81E-01
0.11111294	1.74E-01
0.11174069	1.66E-01
0.11236845	1.59E-01
0.11299621	1.51E-01
0.11362396	1.43E-01
0.11425172	1.36E-01
0.11487948	1.29E-01
0.11550723	1.23E-01
0.11613499	1.18E-01
0.11676275	1.13E-01
0.1173905	1.10E-01
0.11801826	1.08E-01
0.11864602	1.07E-01
0.11927377	1.07E-01
0.11990153	1.09E-01
0.12052929	1.11E-01
0.12115704	1.15E-01
0.1217848	1.19E-01
0.12241256	1.24E-01
0.12304031	1.30E-01
0.12366807	1.36E-01
0.12429583	1.43E-01
0.12492358	1.50E-01
0.12555134	1.56E-01
0.1261791	1.63E-01
0.12680685	1.69E-01
0.12743461	1.74E-01
0.12806237	1.79E-01
0.12869012	1.83E-01
0.12931788	1.86E-01
0.12994564	1.87E-01
0.13057339	1.88E-01
0.13120115	1.87E-01
0.13182891	1.86E-01
0.13245666	1.83E-01
0.13308442	1.79E-01
0.13371218	1.74E-01
0.13433993	1.68E-01
0.13496769	1.61E-01
0.13559545	1.54E-01
0.1362232	1.46E-01
0.13685096	1.38E-01
0.13747872	1.29E-01
0.13810647	1.21E-01
0.13873423	1.13E-01
0.13936199	1.05E-01
0.13998974	9.73E-02
0.1406175	9.05E-02
0.14124526	8.46E-02
0.14187301	7.95E-02
0.14250077	7.54E-02
0.14312853	7.23E-02
0.14375628	7.03E-02
0.14438404	6.94E-02
0.1450118	6.95E-02
0.14563955	7.07E-02
0.14626731	7.27E-02
0.14689507	7.57E-02
0.14752282	7.94E-02
0.14815058	8.37E-02
0.14877834	8.85E-02
0.14940609	9.36E-02
0.15003385	9.89E-02
0.15066161	1.04E-01
0.15128936	1.09E-01
0.15191712	1.14E-01
0.15254488	1.19E-01
0.15317264	1.23E-01
0.15380039	1.26E-01
0.15442815	1.28E-01
0.15505591	1.30E-01
0.15568366	1.30E-01
0.15631142	1.30E-01
0.15693918	1.28E-01
0.15756693	1.26E-01
0.15819469	1.23E-01
0.15882245	1.19E-01
0.1594502	1.15E-01
0.16007796	1.09E-01
0.16070572	1.03E-01
0.16133347	9.72E-02
0.16196123	9.07E-02
0.16258899	8.42E-02
0.16321674	7.78E-02
0.1638445	7.15E-02
0.16447226	6.57E-02
0.16510001	6.03E-02
0.16572777	5.55E-02
0.16635553	5.14E-02
0.16698328	4.81E-02
0.16761104	4.57E-02
0.1682388	4.41E-02
0.16886655	4.36E-02
0.16949431	4.39E-02
0.17012207	4.52E-02
0.17074982	4.73E-02
0.17137758	5.02E-02
0.17200534	5.38E-02
0.17263309	5.81E-02
0.17326085	6.28E-02
0.17388861	6.79E-02
0.17451636	7.33E-02
0.17514412	7.87E-02
0.17577188	8.41E-02
0.17639963	8.92E-02
0.17702739	9.40E-02
0.17765515	9.82E-02
0.1782829	1.02E-01
0.17891066	1.05E-01
0.17953842	1.07E-01
0.18016617	1.08E-01
0.18079393	1.09E-01
0.18142169	1.08E-01
0.18204944	1.07E-01
0.1826772	1.04E-01
0.18330496	1.01E-01
0.18393271	9.72E-02
0.18456047	9.27E-02
0.18518823	8.76E-02
0.18581598	8.21E-02
0.18644374	7.63E-02
0.1870715	7.03E-02
0.18769925	6.43E-02
0.18832701	5.84E-02
0.18895477	5.27E-02
0.18958252	4.73E-02
0.19021028	4.24E-02
0.19083804	3.81E-02
0.19146579	3.43E-02
0.19209355	3.13E-02
0.19272131	2.89E-02
0.19334906	2.73E-02
0.19397682	2.64E-02
0.19460458	2.62E-02
0.19523233	2.66E-02
0.19586009	2.77E-02
0.19648785	2.93E-02
0.1971156	3.14E-02
0.19774336	3.38E-02
0.19837112	3.64E-02
0.19899887	3.93E-02
0.19962663	4.21E-02
0.20025439	4.50E-02
0.20088214	4.76E-02
0.2015099	5.01E-02
0.20213766	5.22E-02
0.20276541	5.39E-02
0.20339317	5.52E-02
0.20402093	5.60E-02
0.20464868	5.63E-02
0.20527644	5.60E-02
0.2059042	5.53E-02
0.20653195	5.40E-02
0.20715971	5.23E-02
0.20778747	5.01E-02
0.20841522	4.76E-02
0.20904298	4.47E-02
0.20967074	4.16E-02
0.21029849	3.83E-02
0.21092625	3.50E-02
0.21155401	3.15E-02
0.21218176	2.82E-02
0.21280952	2.49E-02
0.21343728	2.18E-02
0.21406503	1.89E-02
0.21469279	1.63E-02
0.21532055	1.40E-02
0.21594831	1.20E-02
0.21657606	1.03E-02
0.21720382	8.98E-03
0.21783158	8.00E-03
0.21845933	7.33E-03
0.21908709	6.96E-03
0.21971485	6.87E-03
0.2203426	7.00E-03
0.22097036	7.34E-03
0.22159812	7.83E-03
0.22222587	8.43E-03
0.22285363	9.09E-03
0.22348139	9.79E-03
0.22410914	1.05E-02
0.2247369	1.11E-02
0.22536466	1.17E-02
0.22599241	1.21E-02
0.22662017	1.25E-02
0.22724793	1.27E-02
0.22787568	1.27E-02
0.22850344	1.26E-02
0.2291312	1.24E-02
0.22975895	1.20E-02
0.23038671	1.15E-02
0.23101447	1.09E-02
0.23164222	1.02E-02
0.23226998	9.41E-03
0.23289774	8.60E-03
0.23352549	7.75E-03
0.23415325	6.90E-03
0.23478101	6.06E-03
0.23540876	5.25E-03
0.23603652	4.49E-03
0.23666428	3.78E-03
0.23729203	3.14E-03
0.23791979	2.56E-03
0.23854755	2.06E-03
0.2391753	1.63E-03
0.23980306	1.27E-03
0.24043082	9.83E-04
0.24105857	7.52E-04
0.24168633	5.73E-04
0.24231409	4.39E-04
0.24294184	3.40E-04
0.2435696	2.69E-04
0.24419736	2.17E-04
0.24482511	1.78E-04
0.24545287	1.47E-04
0.24608063	1.20E-04
0.24670838	9.35E-05
0.24733614	6.79E-05
0.2479639	4.34E-05
0.24859165	2.18E-05
0.24921941	6.13E-06
0.24984717	0.00E+00
